x: Stack+malloc area changed from 131072 to 8000 bytes.
-[ std ]----------------------------------------
[5]	68	6	21	90	128561
[5]	68	6	12	90	128561
[5]	68	6	3	90	128561
[5]	68	6	3	81	128561
[5]	68	6	3	72	128561
[5]	68	6	3	63	128561
[5]	68	6	3	54	128561
[5]	68	6	3	45	128561
[5]	68	6	3	36	128561
[5]	68	6	3	27	128561
[5]	68	15	3	27	128561
[6]	68	15	9	3	27	128561
[5]	68	15	21	27	128561
[6]	68	15	21	9	27	128561
[6]	68	15	21	18	27	128561
[6]	68	15	21	27	27	128561
[6]	68	15	21	36	27	128561
[6]	68	15	21	45	27	128561
[6]	68	15	21	54	27	128561
[5]	68	17	21	90	128561
-[ worst ]--------------------------------------
[7]	68	17	21	90	62	62	128426
[8]	68	17	21	90	62	62	62	128355
[9]	68	17	21	90	62	62	62	62	128284
[10]	68	17	21	90	62	62	62	62	62	128213
[11]	68	17	21	90	62	62	62	62	62	62	128142
[12]	68	17	21	90	62	62	62	62	62	62	62	128071
[13]	68	17	21	90	62	62	62	62	62	62	62	62	128000
[14]	68	17	21	90	62	62	62	62	62	62	62	62	62	127929
[15]	68	17	21	90	62	62	62	62	62	62	62	62	62	62	127858
[16]	68	17	21	90	62	62	62	62	62	62	62	62	62	62	62	127787
[16]	68	17	21	90	62	71	62	62	62	62	62	62	62	62	62	127787
[15]	68	17	21	90	62	142	62	62	62	62	62	62	62	62	127787
[14]	68	17	21	90	62	213	62	62	62	62	62	62	62	127787
[13]	68	17	21	90	62	284	62	62	62	62	62	62	127787
[12]	68	17	21	90	62	355	62	62	62	62	62	127787
[11]	68	17	21	90	62	426	62	62	62	62	127787
[10]	68	17	21	90	62	497	62	62	62	127787
[9]	68	17	21	90	62	568	62	62	127787
[8]	68	17	21	90	62	639	62	127787
[6]	68	17	21	90	62	128499
-[ std ]----------------------------------------
